815
 136
 906
 836
 127
 969
 914
 222
 633
 309
 98
 548
 279
 189
 547
 993
 958
 997
 965
 968
 158
 726
 971
 982
 958
 110
 486
 799
 801
 298
 142
 5
 422
 113
 916
 640
 793
 879
 960
 504
 656
 798
 36
 362
 850
 212
 934
 682
 679
 399
 758
 741
 744
 475
 393
 423
 656
 174
 172
 302
 707
 798
 32
 317
 277
 873
 47
 150
 98
 995
 824
 822
 695
 126
 318
 764
 951
 491
 35
 664
 439
 126
 382
 211
 766
 52
 796
 37
 187
 409
 490
 458
 446
 488
 647
 794
 710
 921
 755
 808
 277
 706
 680
 3
 656
 711
 163
 644
 119
 457
 499
 774
 960
 574
 341
 877
 586
 809
 224
 18
 752
 822
 256
 821
 506
 941
 700
 413
 891
 424
 960
 581
 548
 159
 139
 762
 150
 231
 258
 810
 841
 989
 255
 333
 815
 300
 244
 14
 930
 218
 350
 908
 197
 849
 252
 956
 617
 779
 474
 988
 352
 68
 831
 794
 586
 595
 550
 733
 918
 696
 286
 680
 758
 393
 754
 562
 381
 209
 568
 528
 76
 405
 54
 353
 531
 593
 780
 357
 935
 965
 130
 155
 569
 395
 470
 388
 12
 727
 338
 389
 163
 928
 795
 437
 312
 863
 529
 621
 166
 120
 602
 472
 263
 341
 655
 530
 690
 717
 749
 989
 451
 721
 84
 913
 229
 506
 914
 559
 153
 504
 826
 463
 539
 547
 997
 448
 79
 855
 443
 605
 107
 499
 962
 980
 5
 35
 775
 978
 818
 364
 869
 680
 85
 347
 400
 856
 260
 46
 801
 661
 432
 750
 911
 133
 182
 983
 264
 96
 146
 283
 137
 803
 870
 78
 580
 628
 550
 9
 145
 681
 854
 534
 623
 439
 351
 200
 514
 139
 402
 383
 76
 763
 240
 41
 124
 253
 184
 505
 240
 823
 